-0.0174185681936951
0.462347569785593
1.12571428571429
-0.372813306567253
-0.0114724946939608
-0.0229502553216022
0.564810588772255
1.02207916878424
-0.510812191384304
1.62479061976549
0.0892558295213637
-0.448279726549357
-0.824858757062151
0.0225937641210981
-1.61864309493743
-1.81754426976798
0.233222552620825
-2.11359847582757
-0.592920883991142
0.274741683091446
0.208606508523063
-4.53582554517134
-2.56246405521119
4.01153161994724
-2.1875391751285
-2.82951981952948
0.805575091106701
3.87191936574274
0.991846172569061
1.81036027962
3.24874270189029
-0.324769471669664
-0.337503636892646
-0.455953703162449
0.828985507246381
1.70940170940171
1.93887243672124
-0.325130332417743
-0.151583202335494
-1.78285714285715
0.686680665115492
0.34498359914036
-0.0849040584139954
-0.936982231617429
1.07946196450774
1.68907656406267
0.957517059211979
-0.972384286269934
-0.857431069266981
0.117548278757351
-0.353892821031342
-1.55162578436965
-0.0342387582743679
-2.31797746248613
-1.43322475570034
-2.37055899114829
4.53203681194653
-2.63157894736843
-1.11725132148007
0.774824174514252
-0.659947204223659
1.01549973276322
1.87634753219511
0.688657407407406
-2.62501484736906
0.982064098794482
1.84704184704184
-0.469728601252611
0.97622602503732
0.337663824185889
0.619952223865319
1.35771992818672
-0.22492127755286
-2.91666666666666
-4.27226647356988
-0.290486564996363
-1.41156253835768
0.433852734494353
0.347095359883079
-1.17052735337605
1.77901488563476
2.27084565345949
4.23061675256272
0.180903386285258
3.77522711200567
0.718297688485625
0.478366030636934
0.699188727583263
1.41022942538412
-0.768863672517095
-0.233855965984586
-0.917185153400562
0.924646614943144
-0.636397668324508
-0.364983092694974
0.703512231519476
-0.251122034622782
0.637077935867497
-0.111613074674466
0.228019938487648
-0.361894624800429
-0.213333333333336
-0.337132766094074
1.77144659377628
0.828858885471513
0.76560964254306
0.345396432621913
-0.268789413832307
-0.918101199791351
-0.24577733619202
0.546078635323493
-0.82852648138438
0.0524109014675172
-1.03791569582716
-0.0529829394934801
-1.64252248370941
0.434316353887401
-0.560767820554293
-0.292018170019479
-1.5095789647033
1.22539716965788
-0.146611642050397
0.722371967654988
-0.210685538328554
1.10588738113046
-1.77250978686386
0.798274002157507
1.36723945310422
1.36950362052682
-0.120830049908074
-1.31466893761976
1.64895566141444
0.156797156744897
-0.219998952385949
0.282057978584483
-0.551470588235285
0.771315405461742
-0.229837024655243
0.0887218829915014
0.720207253886003
0.934195667795911
-0.314092992121922
-1.6912765734632
-0.563424780159019
0.199695202060011
5.56327543424318
2.84005979073243
0.288475407471524
0.516573396470074
-0.946357008353039
0.0675512665862419
0.780352355419377
-0.650508360237071
0.641547373964669
0.41954707985697
0.233066971080674
1.44384024001499
1.95790054232927
-0.98394133481853
-0.195312500000007
0.00465008137643307
0.204185809086267
0.309955588452992
0.816738551895018
0.801092398725531
1.47098394474841
0.910989645825006
1.14220445459737
0.319670695393247
-0.656763785427782
-1.68982519049754
-0.813375508359685
-1.36032611184904
2.46593701139155
-1.25752024245714
2.35855306744402
-1.14814152966404
-2.73545070681109
0.164956011730212
0.0595319869945485
0.75444257601236
-1.08885417623817
1.41763666832737
0.630091363247673
-0.803012430813905
2.01378084018671
0.349960131124311
0.668837454897466
0.881018841591072
1.20222346705735
-1.78955217334093
-1.64965000668778
-0.232381463109435
1.36642129854101
-4.85764466629691
-0.890650501282362
3.44874161451534
-2.18531468531469
2.1562007652487
-0.434016004340164
-2.39329691695213
1.50015959144589
0.607296623612057
0.933866115925104
-3.55200148774931
2.14285714285715
-1.61812297734628
-1.91292875989446
0.496952648851384
2.54043680891894
1.51201512015119
-7.10429920956237
-2.92177191328934
1.06983363596212
2.94355798999761
-0.700273394407396
-1.96605859050228
-5.30462996343411
-1.00920771991885
-2.90685224839399
2.40844261010396
1.09543739988632
-4.12676207898417
-5.01751610351454
-0.113134970019227
-2.60607115909223
1.33432596495248
-0.218089990817261
3.70288493423234
-0.774157616262872
-0.543173927651472
3.37625798073801
-4.6012790763484
-1.12751831501831
-3.69754881595346
0.654481132075463
-0.575223862895095
0.277942046126552
1.08218777420298
-3.3055354121344
-0.939368061485905
1.28259167820798
-3.21959102492387
-2.58879040999807
-4.046971405825
-2.65613294285907
6.57886365082393
-0.653218059558106
0.051206554438958
0.957271459363522