0.273348519362184
-2.38828248903816
4.62674615179287
0.733086027203673
-0.927081476198959
0.0623608017817311
-0.223214285714286
0.998850879519133
-1.08112937812723
1.07831005833481
1.85634975711312
0.774660010328805
1.53402830748367
-0.271946970340778
-2.62515262515263
-0.139737991266373
0.607638888888891
2.08244793880153
0.884582982308338
6.50598613736609
0.951786550163842
-2.93102063759737
-2.37586320289379
1.21010314301957
-0.0650142218610307
-5.58606487043074
3.39854111405835
1.29275077728686
0.0490677134445553
1.20384584309606
2.14263124604681
-0.365021425170614
0.253284787082482
-1.15292233787029
-0.232726105449006
1.95908733280881
1.14334603717819
-2.20190779014308
-1.69765561843169
-1.25235327821888
2.33431929011112
0.800951625693887
-1.24448012846246
2.06023433199654
1.28085700978108
-0.256829325239306
-0.288791757727134
-1.22461878802245
1.09400640775182
0.890644361833957
-0.466853408029874
-2.45535714285715
1.1115490737091
-0.67460317460317
-2.45568385103268
-1.26811594202899
3.95444479595065
-5.38423070511751
-0.544707952736115
1.575387660838
-2.12264150943396
0.661032549577446
0.499542086420776
0.923863730099814
-2.42480567759379
0.420662964832576
1.5325987904896
-1.62485266879945
1.90767197951937
-0.464614618767114
1.35853997872166
1.70541388464323
0.496277915632758
-1.47835269271384
-1.83638018032922
-1.07859531772576
-0.851673834218729
-1.63695577648268
2.44147157190634
-1.81322890950881
0.432276657060523
1.54385379287323
-0.748276441903481
1.0235499708746
2.80653510190877
0.225952227243384
-0.0242150294616201
5.43469964124875
2.05592105263158
-0.715307582260363
-0.211272919339018
-1.85996464530012
0.573131591013297
-0.0382233774176373
0.90151515151515
0.68467383944022
-0.552277197760622
0.988764044943815
-1.5363553392151
0.280621918847178
-0.457142857142853
0.0913450559488502
-0.351386448705223
3.52273564743165
-0.764889350957969
1.67932242990655
-0.0146049364685338
-0.0219122050982406
0.696308116341487
0.92699051451566
0.443554156531696
2.4427694025684
0.768751298566373
1.54108421411525
-1.23567582493441
-1.23698371654204
0.313501463006819
-0.272441494935373
-1.33795837462836
-0.526615428408754
-0.106860440265018
-1.90199637023594
2.0479271848112
0.276556516806137
1.7145246724282
-1.59314593216739
1.39635551211338
1.28876636802206
-0.318030973451333
-0.312088216935979
1.04995882514411
1.94468743691543
0.0806831170577396
-1.39760021816197
1.38496705660885
0.127576713892431
-0.655582589889158
-0.325467860048833
-0.627729257641913
-1.55210643015522
1.48805460750854
-3.24171952078928
-6.04588595770122
-6.02170984866493
1.97281553398059
-0.996234703482896
0.909444228527013
1.6963398792695
-1.42602495543672
-0.725995316159256
0.24141422007632
-0.461586606164922
2.66524520255864
0.000
0.447274656963084
-3.01444748145255
1.27977796623236
-1.32802124833999
-0.234907211651395
-0.749447775323437
0.673875568092775
-1.19736737768615
2.21756997751415
0.000
-0.923389936614753
0.568004979769689
-10.850439882698
-2.23084384093114
0.0968992248062011
-1.76602420439265
1.45759717314488
1.48812113828213
-1.50163413126049
-0.819307151126536
0.628318584070791
0.737877723120172
0.376301741489448
-1.40207649303399
-0.03550821127385
0.239107332624864
0.484709614876176
1.34759172317858
0.190905935439083
0.86881720430108
1.55813362689474
1.08058301222985
0.921238277035438
-2.50106337728626
-0.427167876975651
-0.567059025689489
-2.08753618103675
-0.246197133561946
-2.81142650515277
-1.03205772216642
-4.12743699476937
-1.49613899613901
2.35626767200754
-0.207782395164336
1.43362502327314
1.25930692159206
-2.82608695652175
-3.613749877583
-0.739936858721389
-2.29084670501564
-2.95064935064935
2.42295214922952
-2.51506963209312
-5.51595569689659
3.83844774860276
-4.23169927456583
3.41825902335456
-1.8818948734588
0.248138957816381
-0.498753117206976
1.67377398720682
0.0745712155108207
-5.60242996962538
-1.40314852840521
-0.30895983522141
-1.90065298507462
2.82152974504249
-2.65208793765267
-3.52842003853564
-0.02409058058300
1.19019281123542
-1.6329986694084
2.66101495349112
0.129350893697083
1.0011641443539
0.567195277231155
-2.75960509099561
-0.0833333333333252
-3.47376201034737
3.21888412017166
-1.64808531265148
1.44512122297863
-0.347555129434332
-0.542234004096883
-2.63418253771951
-0.873253493013976
-1.17379780386216
0.962499999999995
-2.09290454313425
-1.18801652892562
-1.13621522789605
-2.47591006423982
4.06984208499166
1.93881405010702
-0.16393442622952
-0.494233937397035